0.17887408647064312
0.18128019741199627
0.18620543908247997
0.18293516733563833
0.17880643885879544
0.18989353204113532
0.18673822659405367
0.18345412684877496
0.17781513636220084
0.18140698621248075
0.17928087625068698
0.1855202170430981
0.18770909654805992
0.22194655963087725
0.20608026836335303
0.21600494907835532
0.22341295021822183
0.21478976182571397
0.21404438350858046
0.23000040841224173
0.21259221514178134
0.23336302599589007
0.2452476650360997
0.24786381303638436
0.24249895485124456
0.24613051182099252
0.2328822808334955
0.23001686712960787
0.2437572036276011
0.24139795008893744
0.24884695978682694
0.25881975108664007
0.250560956356885
0.23825095906887764
0.25132595651488626
0.24478886649352094
0.24858452623742905
0.2440497582611836
0.23254082579827046
0.24437974156836195
0.2517194566020335
0.2627738001396311
0.244447991044967
0.2641740821081128
0.2532396082488014
0.25270621773824103
0.246778562774802
0.25423818636137285
0.24994598611225807
0.2542224006160382
0.25585851651620517
0.25432742452145124
0.2412099109011522
0.2552700329896531
0.2510488353366061
0.26029695787420776
0.250309150805736
0.24986610939662404
0.24851101151710905
0.25283660188890833
0.24743900903507765
0.25801076480741447
0.26433194658837983
0.25638664955010565
0.2632945976171231
0.26325879733152113
0.25633749380630816
0.25287499136746183
0.26003820853777804
0.2518274519147023
0.2531515697443541
0.24781337918116134
0.24265358903216175
0.24653658744432969
0.2560285182864488
0.25636909312646705
0.24590104896455123
0.24319793391369468
0.25761356009665626
0.2611616277247439
0.2537652903750885
0.253219440809122
0.25658747857635456
0.2551488190490347
0.25124793927409445
0.2542803928203474
0.25828586842187196
0.2661080782414237
0.2695806565801178
0.24925416132585024
0.2565501565483578
0.251209602226888
0.24522756108470758
0.2590422391711909
0.26091848916758165
0.2469859590101697
0.2592182159409938
0.23566286294257743
0.25441151598425316
0.24615679611417354
0.26680711226440423
0.2588830844018518
0.2585952290633593
0.25348909827553723
0.26065362609801934
0.2516173853775761
0.26516070209223774
0.2625254800246082
0.25045954805450377
0.24545804498766233
0.26420162843985473
0.25979941687861713
0.2655769301343421
0.24726298138576563
0.25968564664843746
0.26503933777426397
0.2508403942665918
0.252117404338165
0.25408355231183644
0.24381202524101278
0.25550604010975164
0.25670295852083397
0.25540551876618933
0.260607917160537
0.2702231545886755
0.26501918292781684
0.2589409820514228
0.24858889589446773
0.2506833586731335
0.26608165753105584
0.2703259462145736
0.25616931437519613
0.26405764540303045
0.26368466012929637
0.26214059111502974
0.2569996254609388
0.26869603243944323
0.2689942132704174
0.26828196477760674
0.25674888839705845
0.24159552971298862
0.24263258805216997
0.2646995733622517
0.25254289475581015
0.24998832888216574
0.25729623622996206
0.24957318253402158
0.24119314841476888
0.24880047044288486
0.2645935970736763
0.2464871243114857
0.23956299667005115
0.25473216913919094
0.23400294668859398
0.23775746791881575
0.24532472221322618
0.25010995787505547
0.24556138570606045
0.24320181564699034
0.23871824166430616
0.2436496053440401
0.25219364037325054
0.2511276102659348
0.24525440779214527
0.2408424257342289
0.2667297746744999
0.2479846032486642
0.24373640276013248
0.25200232320158167
0.26498136874393685
0.24820250844771627
0.260177256802187
0.2564478212968458
0.24836338643382072
0.262235382756803
0.24900619968296397
0.24689131255400087
0.2506896751670283
0.263320702897466
0.25657788177563967
0.24270211064139735
0.23854443576001094
0.24674666440753057
0.26003001264067604
0.263226433287415
0.2542871466727774
0.24880221330088242
0.2611963603511962
0.263142230311601
0.24761839350892897
0.25900280281116855
0.2662734932344009
0.26293250719423195
0.24739101865224092
0.25142791798917086
0.2540949353276817
0.2531384295342315
0.2605981247358758
0.25331589193228166
0.254901256610141
0.2661421398360338
0.2539647557087309
0.25131078830109443
0.24865109666149238
0.26548892227058607
0.25455004719840757
0.2568656032138546
0.24505308764494513
0.24158889855377014
0.2443234910466344
0.27495358952039717
0.24076988691020196
0.23655298157279658
0.24951037945618737
0.25054062514869774
0.25326612732826304
0.2534907252960532
0.24660513712128979
0.2681977140343447
0.26181004438277966
0.24778742498974762
0.24859589090017561
0.25555594194973213
0.2608661906796139
0.2569986372390233
0.25335315669389663
0.25283203293434187
0.2602315629830375
0.2551229300713264
0.24524347158796414
0.25020405388178524
0.2567842222837841
0.23735099398670068
0.24755128821291172
0.24259076101964805
0.25063442083841536
0.252439914464968
0.25623117216768004
0.25444183031232187
0.26535686535138836
0.25258698325714546
0.2684143436697741
0.2638283096332553
0.26510918776983844
0.25501238025294803
0.26347888581538187
0.24519343396015342
0.2387090663289333
0.2646029014735998
0.25579971431147586
0.2426007937336974
0.27008696796290077
0.2464715269802741
0.24863565289280937
0.2552375024903688
0.2606414089754349
0.2595850098673631
0.26176728481331407
0.2494256164140258
0.26554133078003656
0.24570388287347697
0.2383259701539754
0.2572269761376983
0.25111317797908567
0.2567713652238477
0.25419565115598547
0.24493978027235325
0.2606248383648587
0.2375162625748263
0.25906533440559554
0.2615081528208198
0.2651992548413968
0.24279529540509084
0.2486705861473746
0.2414481202561129
0.24200186946139246
0.25085319629913677
0.25634309199117106
0.26075113018231316
0.25712600728643703
0.25737905315228027
0.2552289389126177
0.2584575297529159
0.25636256994040724
0.26256672788803664
0.24310888434121417
0.24792745878509537
0.2574475400318861
0.24478915954480304
0.2362034300495241
0.2580784929130551
0.2548741152045925
0.2542478122847304
0.256754299614125
0.2572012029689713
0.2563131052507921
0.2579500471152627
0.27024552395189605
0.24458170030952356
0.2594150694063951
0.2535364632917235
0.2599008436733223
0.27073936452810815
0.24441052641483688
0.25777381699525276
0.25858167391306586
0.25957040967846307
0.2613296118274463
0.2640247259170567
0.2387723306622578
0.25108784744278373
0.24613213585235943
0.23839799620509994
0.24822903231046375
0.25990439187237563
0.24828875130913466
0.26270252577561976
0.2537386178212892
0.2709183944868085
0.2534820504422791
0.2521299993541455
0.24737669525340997
0.25486958913702046
0.2543888000244779
0.2517022584894611
0.255435025991991
0.25814711072898094
0.25904407421518943
0.25700062267271184
0.2548259648535673
0.25994006736035136
0.2602803094383668
0.2491152509109474
0.2531760881446414
0.24591935626556252
0.25551885544880354
0.24746458254008513
0.24703582340507574
0.22516507766893
0.25911754619760846
0.25030538549696724
0.2630600802318421
0.2540205500258332
0.2615618017342552
0.2636093626757071
0.2593647414982347
0.24953228426432653
0.24658022998228007
0.2591302938071296
0.24960148480166308
0.2507272198697089
0.25343037391712236
0.251210684821626
0.2524465090087273
0.25001530479932127
0.26145654841261223
0.2512499370321086
0.2541994316408361
0.2539944654966572
0.2457810314009259
0.2581308097060819
0.23423716674003353
0.24186776450967845
0.23030277564898338
0.2549653017842324
0.24479537554678404
0.23983702338974808
0.24383881967834486
0.24269432515890285
0.2370425609263969
0.2531739034638175
0.25954213364372974
0.2403952442656995
0.2433877348920586
0.2602126259575989
0.24468988219048105
0.24535160111461451
0.25759027573588966
0.2565738850865893
0.26728153424468964
0.2506591669146787
0.24767277585262945
0.2504668516481658
0.2583161859738372
0.26621190077161544
0.2624545387501644
0.24793644872674794
0.2504136748092499
0.26170161082408133
0.2525861608022316
0.2655416002544237
0.24540671400369957
0.2567370873873723
0.2605206716628694
0.2672752174747207
0.27311215381180254
0.25869878837766713
0.2605966536192329
0.2672723676781631
0.2555996243719247
0.26241342514707877
0.2553909229352118
0.25746853611001963
0.24518659279629273
0.24280489934095476
0.2661313234151581
0.2645978053932789
0.26371346212797475
0.26072029868638147
0.24083213033952106
0.25385213647019933
0.2632078031444722
0.2540778250903535
0.2525764284834578
0.25931262718086334
0.2613175395012908
0.24927609920705346
0.24913925947774765
0.2455292033090056
0.2610629758421135
0.26376045526287345
0.25868160718353456
0.2514072988866992
0.2537154487225843
0.2551022925697429
0.2534874057389232
0.26105235574838836
0.2624747084035381
0.2518198037373795
0.24780803738356413
0.2599278258765179
0.2629872070633136
0.2550917479655375
0.2581897295410684
0.2668244516908806
0.24604568980706776
0.25454844292326045
0.25295718838161646
0.2573947227966452
0.25236054021933996
0.2551903780244127
0.24171657244385292
0.2548362799626558
0.25307760520944256
0.2522942483693877
0.2520014173617319
0.2544435195207156
0.2499061705757134
0.2449295381099772
0.248954656241066
0.24084601974389344
0.23163119611739338
0.24343091999056332
0.25553388232907653
0.2557778958607047
0.24701467299931987
0.2555743750446479
0.26319324129535177
0.2559208243455247
0.2450037174537093
0.24453294252766072
0.23604635602624
0.2515881235327726
0.24959554645246007
0.24108774384415324
0.2657485336994483
0.25214655358413685
0.26091134104429536
0.2627204561195115
0.2554255512399584
0.26184266587735855
0.24560511553498154
0.25047691053332094
0.2519003813939001
0.2586016839622786
0.24856060504622637
0.24872631705779122
0.257440829017212
0.23985001074655501
0.25084446376598213
0.2366731634284768
0.24654914265135786
0.2503951249900485
0.2511159522105653
0.2499746497263318
0.25235884437310513
0.2573663313408709
0.2618563411313539
0.2515299545879426
0.25762109098004865
0.26183886644379445
0.2410330113098331
0.2606474180827503
0.2529965415439487
0.2343740206255513
0.248066209743838
0.2519817994066122
0.25422277344340727
0.2496268703212024
0.256396438351465
0.2627919458139308
0.25879364881337524
0.2508092797841309
0.2542030067044338
0.24704888493110858
0.2586679454057705
0.25058756183667535
0.24941198562270347
0.24761784183670843
0.23878934584407047
0.24184552098984358
0.24898173658726863
0.24110308943740738
0.2562343784832123
0.24662208064019642
0.2402112592057176
0.24992944265864195
0.268419099680576
0.24504622518535288
0.25382260434619863
0.2554953351297313
0.25112308539990735
0.24536358315051415
0.252051894076976
0.25731461914379283
0.255243309453683
0.2569344344648742
0.24504535132715147
0.25922017330154123
0.2530526338311599
0.2542457808058615
0.2462636571001006
0.24088303598520716
0.25525999715742625
0.23974933435749798
0.2581961767326318
0.24904143566849307
0.2598233036405628
0.24739827169445858
0.24482158674180426
0.2622082871960191
0.2579387866343805
0.26008185059304234
0.2683184968853462
0.26747425564325866
0.24493875981840751
0.2623842004667227
0.25824216370953545
0.26057828977027614
0.26282026090380584
0.25401185031441725
0.2533847555957957
0.2574279949958993
0.266741965671018
0.25798548713855096
0.2702044990402375
0.2693935096023634
0.260351652305514
0.2527592966803145
0.24883217552669312
0.24924644928238263
0.2658929078073817
0.24800168912614345
0.26279022831074483
0.2429292017820599
0.2558719606908172
0.24800198876344998
0.25844126869441086
0.24713046765199725
0.2459766307383219
0.25466295639986597
0.2596686461067584
0.24935918959916017
0.2529156578595571
0.25459464806717924
0.2564373210955842
0.26336424328496577
0.25210148397979376
0.2546560953936035
0.26138411479610996
0.2560603192302662
0.24638825302761871
0.24280233454257877
0.24378209686286667
0.252523049049577
0.24856293671429794
0.25118827679123085
0.25195307638153347
0.26492868040509776
0.24672329114007752
0.2519439959457922
0.2631516945709225
0.24742043316931586
0.2587089835693379
0.26089077517126763
0.24252549231404047
0.26484861206392263
0.25729830296225964
0.260608553925933
0.24935507853541475
0.2456158000310721
0.24619186806111748
0.25628593099093405
0.2548757672662547
0.2544297519826986
0.24159911091686972
0.2516480663581404
0.2646656104821632
0.24569293855468155
0.26218312750973727
0.24977991621373657
0.25244402227913254
0.2528346740077985
0.266461274728873
0.25636816720315975
0.2722747370322041
0.25046035322448795
0.2593694109343671
0.26524632163798717
0.2594242683272134
0.2624238448894938
0.25806834062715733
0.2625015481058274
0.26223047284840345
0.25129882975032497
0.25200720411433075
0.2571453644975842
0.25990006275879124
0.2687819066747152
0.2518634518751747
0.25081396623876373
0.2716181494974954
0.2671121907031007
0.24428478372703952
0.23189737536709276
0.25214243283161347
0.2486722777916041
0.2549726301297782
0.2548764280670434
0.2549492142323232
0.2613342012201779
0.2594861109494876
0.2659074266527461
0.26081005186316325
0.24392446877567792
0.2522972664461889
0.25937535360640496
0.24812496114321825
0.26393133162423166
0.274810585871215
0.2576751590440193
0.25239762625829465
0.2592800712888009
0.2487639574836554
0.24712873973340052
0.2407739915628832
0.2451791344578375
0.24049421243655492
0.23419382083681367
0.26224614522045564
0.2576842325378991
0.250497163038312
0.24999753157412788
0.25118232025957365
0.2551273000452039
0.25333164793540175
0.2563862165608251
0.25714096463924313
0.25052952393416816
0.2651789621619432
0.25066708257926934
0.2725729791813041
0.2584889694047598
0.24975161375990565
0.24474604019921667
0.23776240970271928
0.24500497433425858
0.257273752017356
0.253836766530822
0.245557479254392
0.25207942306953535
0.2544636730236967
0.26527011582286697
0.2624613312857357
0.25426266540314785
0.25766030986514304
0.2504234198644315
0.2514455445086905
0.26292741478979254
0.24383820226777506
0.2524791203723467
0.23985710508913544
0.2652511530045147
0.2426325169015505
0.2620497610402992
0.24738562874647227
0.24523922177752783
0.24799953742383324
0.2521235168576335
0.2455143819757611
0.25531567946040107
0.25446491461399584
0.27889644792829393
0.24958030954282986
0.24876931229370994
0.24490791379456367
0.25934856004885504
0.252937074434153
0.24480458286660522
0.24185079949433902
0.25752787607246497
0.2524400218080435
0.24190989144005834
0.25350369994628796
0.24817069595445101
0.25614067230564835
0.24435425752182632
0.2561363340874795
0.2642366145891957
0.25982028816286945
0.25460637435449424
0.24825908098187574
0.2675615576811852
0.2534373253458598
0.2533526703659792
0.2660331473237048
0.24150292587551553
0.256714329544568
0.24207707775857062
0.24744450528895667
0.25473903449512136
0.24259506880058015
0.23832536668652915
0.2508306757975807
0.23365133364294471
0.24864197639671862
0.2480490631562281
0.2550769902149881
0.24476311888734917
0.2568544249779003
0.2654928019563588
0.25950667787304926
0.251706085017
0.25733669155238076
0.2555516369654473
0.25567152419882866
0.24720771819249399
0.2528257035689665
0.2503989372712485
0.25468686054606987
0.2464670733432029
0.2522617783628367
0.25133486887066925
0.2517839871123205
0.2597265805136647
0.249365544269542
0.2547999347242713
0.2698590516597139
0.25141691935235866
0.24482918372524268
0.24872961895778625
0.25729238255501624
0.24634473554879946
0.251471632646134
0.26569977565557884
0.2742557208280022
0.2661254297701387
0.2667108522747666
0.2521369746347371
0.24045101138891378
0.24622488741845586
0.24937648657480932
0.25456150333953453
0.23273777756858655
0.2530345267560697
0.2539935649737282
0.26267414084937024
0.2666758632726277
0.25308096131891616
0.2610219924566211
0.24738729247991367
0.25975265486584037
0.25830739275190395
0.2614747211128591
0.2654392304229387
0.27582946691126753
0.25268360127011114
0.2543797518296398
0.2541997253133819
0.2425369697401282
0.2360781708774416
0.2603890135476019
0.25042676794586194
0.26163504444377533
0.2580880099360158
0.2671173259940622
0.2389104590374668
0.26606824127175754
0.24865348207432544
0.2550923035553366
0.24994379468989555
0.259210547264368
0.2591042326453874
0.2550918494021385
0.24456474360710026
0.238481460343025
0.24955409871697598
0.23743091405848996
0.26033382552638623
0.25679009999005126
0.2475432982149451
0.27425024374016
0.2580353571161813
0.26105503581785516
0.2612097893099798
0.2608869855160388
0.26312072015802057
0.25009437460891193
0.25565066191800645
0.26782852301877835
0.2770312464252762
0.25740979416860865
0.25232514480469215
0.2609920299188869
0.256284105949697
0.25889548310239907
0.2611180866248472
0.24218204232453255
0.2652449530799649
0.26432437800848085
0.24683460808261848
0.26063857986964495
0.26120753876449554
0.24848696400985054
0.2725658932466441
0.25367325671585866
0.2504728651441436
0.2486157082932232
0.25068499373989606
0.257514379561783
0.26049862628504655
0.2613942481964077
0.26679731267118056
0.25187855670672343
0.2676110111978596
0.25350142727967634
0.24987514298065217
0.257190046449067
0.25913875681243254
0.24231089892732402
0.251974940103931
0.265312870191081
0.2606839565769108
0.24496924614876753
0.2419810255266516
0.2554631373783001
0.2620907215733147
0.27636532917580725
0.25740610474042214
0.2550610454891812
0.270817182895886
0.25580292453705594
0.2505508059322057
0.26287205012119436
0.26480257656148576
0.24043961978837505
0.2613167723576964
0.2683396460578154
0.24987060039760217
0.26559073948875955
0.2539640805798028
0.2445522870525753
0.2546826031242711
0.25007365049253766
0.25925233627952476
0.2611289645549284
0.2634397544106856
0.2585643430146209
0.25246371686646424
0.2570234238532307
0.24722621214861393
0.25356414475309813
0.24488678311447643
0.2490520017443259
0.257648587793652
0.25084238397645364
0.26608839641749327
0.2630341431560203
0.2570736741912191
0.2523930220455855
0.2504687978054192
0.24826052909844043
0.2570935103305883
0.2473635587429204
0.23778623381478506
0.2575006457387997
0.2624329145306795
0.252249784086137
0.2511295026307891
0.25571946961216735
0.27356054017998277
0.26702546824903023
0.24688887229146866
0.2519892839473438
0.2550667179099242
0.2599241642723377
0.2589054637714076
0.25734848588539927
0.2625516291920283
0.25419542428674774
0.26710757385943434
0.2637100370979794
0.2521962348144897
0.25180403346523683
0.2558108218567345
0.2501190321741796
0.24952431863449057
0.24728149206972402
0.25192546121873827
0.24792339945903613
0.2533556853863835
0.24914758392386058
0.25612959667310936
0.2571538280805203
0.24614416986746354
0.2589731636061911
0.2544064237220415
0.2696707982860225
0.24901175469056125
0.24476389393143572
0.2551312415476912
0.2517600828671463
0.2551401632043417
0.2460384913428573
0.2588130225518917
0.24523519121091616
0.23634045509007032
0.2469956253143031
0.23278134591725838
0.24139345287861316
0.24769186243593885
0.24459450251652848
0.2610158880795445
0.24439275225287693
0.24639741121244588
0.2528837323053158
0.2570594464308022
0.252111918970872
0.2685553885537299
0.24076460753238663
0.23821522438083448
0.2433465016776068
0.2458494169094846
0.24122197245771534
0.2372524744478782
0.241323372473351
0.24446500651903424
0.2641098482842972
0.2587991162298322
0.253048252530452
0.24783305601150313
0.24475271835671084
0.24077594732331803
0.26111977587217394
0.26660131475475657
0.26948994036887647
0.25358124527358133
0.2509909900261855
0.2494607946841792
0.2470579463504615
0.24287733530949232
0.2542677070219925
0.26387935277479063
0.25291529549235037
0.25225531465655704
0.23945650637142912
0.24097691203758792
0.26969394693077575
0.25669373365502307
0.2516309082429692
0.2507679593852157
0.24320633569254765
0.2572042357327948
0.25292152810746954
0.24778859117604307
0.2479192598569651
0.25353930577862355
0.2568024783596702
0.26000036016290484
0.25966214679140376
0.25697679143957747
0.2666788435410997
0.25632533288550746
0.2520340899659628
0.24773146722973657
0.2493321569834151
0.26027082382105193
0.2577870660315593
0.2593041414199935
0.25709766464755995
0.25858877423993276
0.25341013825305364
0.2506342450951572
0.2548424115778096
0.248782579661626
0.24724020401770344
0.25868861965977713
0.2541435392035196
0.2619243369933758
0.2582350386269109
0.2510241747917874
0.2570404017000542
0.2556316749990328
0.2524623783011581
0.24905423137783855
0.2555202238510615
0.2526407853741138
0.2417036916300031
0.245701931910789
0.23894517469284793
0.2596768739180728
0.25580269488628626
0.24731747800012407
0.2448480041589667
0.2604551679882804
0.24651997899189268
0.2631542392131058
0.24673770615149643
0.26200606707851604
0.24719752607884093
0.251550182927068
0.2496097733931443
0.25820973976384554
0.2478629120667647
0.2501668406289379
0.25114013829526954
0.24315026764418027
0.25111806307633844
0.2504371737971247
0.2660546055221968
0.25994162436049095
0.262985674627405
0.25329329829026004
0.2525507927465484
0.24105930405710732
0.25166360408134675
0.25228714467307584
0.26027251555948283
0.24269051370418437
0.25784032412576824
0.25328400985144983
0.26097877337035547
0.2558699397598295
0.2434348911040267
0.2552431165358455
0.246943673609704
0.2580748334228915
0.2556210583559307
0.26179863641402445
0.26559815645493146
0.26437672784521815
0.2697970998614261
0.24219503150953298
0.25770292442026455
0.2446984078572977
0.25342672632946717
0.2548712783461993
0.25652910575932875
0.24427317556906228
0.2523479020220439
0.2531274080912666
0.26613602571658496
0.2622355496464078
0.25044818843418654
0.24593475589953395
0.25038319865860115
0.24714750338949526
0.24526718405476758
0.24287738253841226
0.2482284138317742
0.26245760747685515
0.2625374248427088
0.24695903033910144
0.24528481560444443
0.24819359747901998
0.24585772691767915
0.2458569938038907
0.2567846276637408
0.26423600873276987
0.2597256014430749
0.2638259292066809
0.25109555117726834
0.24616609584475974
0.2555690846769563
0.26013603809575364
0.268122365953713
0.2501326237134462
0.23356824568908702
0.25794037582559187
0.2545012250519187
0.2616957158864998
0.2570723855384297
0.25075924095416297
0.24526003658878603
0.25636779459458486
0.2502592423108866
0.24548325021275422
0.25130805460051164
0.2561196887795892
0.25838432114331855
0.23977685395708895
0.25059115580115787
0.2446145182213103
0.25139813340873235
0.25376814554294375
0.2571782338389837
0.2508132721058644
0.2621399154854626
0.24971943969795463
0.25549116511402037
0.25528754056117486
0.2391449764442355
0.26805603174390163
0.27801356774183844
0.2591755443005816
0.2637534951834887
0.2779998635113804
0.267913378528691
0.27126107617261624
0.27163750557111604
0.2488496131587393
0.24556340621200778
0.2440968665481277
0.25888126801699435
0.25594472107298843
0.26953713869589757
0.25281372342418773
0.2533250307851314
0.2633294326045681
0.24961573065661882
0.26483517518882776
0.2521426050819439
0.24481154539531963
0.2564074132682074
0.25935116532096997
0.25698726782563924
0.2564850121521275
0.2575561404302289
0.24934377555796672
0.2578407948977579
0.25858879627832837
0.2588129781009622
0.24721122381425198
0.24381570532831007
0.25083808788198075
0.26559308856434954
0.25802136973740253
0.24923743586230562
0.2665944690300784
0.2563505459180257
0.25304448975209914
0.24883881905945837
0.262038834304909
0.25364084994154407
0.2607993391009158
0.23908672669908956
0.23497637959937145
0.25588042658597987
0.2423393724127619
0.2567273923731945
0.2520067744563198
0.2443044941956484
0.26229938580995993
0.24939514560623338
0.2559221376537092
0.2618848492445828
0.2568699983111923
0.2657723225697602
0.2540592563741722
0.2565645392613558
0.25162582978980025
0.24900355910871835
0.24901110720055408
0.23858775490637513
0.2513053044948169
0.2406962105521381
0.24837818056817496
0.24432377952436204
0.2480480402907926
0.2617598148492298
0.24583104391546312
0.24485372294670169
0.24614985042874396
0.26811041423819015
0.2509209332966918
0.240824885728256
0.2512742077862367
0.23669102676710085
0.2419111102865269
0.24667083473445856
0.2591876743856634
0.2455475465360296
0.25895435910843506
0.2672655542476705
0.25446253663155355
0.25167968367343957
0.261444390389216
0.2509805730791909
0.2628439709577499
0.260582902542178
0.24921179039467234
0.25276258700297705
0.2613104391853921
0.26035772538590035
0.2601166364483747
0.24648430909310737
0.26261869326015447
0.2649226590412609
0.25658316358226246
0.27329143683903784
0.26929711365967884
0.26219667989401757
0.2595643586872506
0.25709887830783534
0.25407697898456283
0.2455689940598896
0.2775554125826132
0.26534167731206215
0.2570426001175676
0.2633078208270904
0.2502533533258361
0.2504729963903264
0.24182897173319715
0.25765225981360734
0.24286672554764868
0.2482688206621176
0.2539455663467744
0.2622714369767603
0.27187287449543085
0.2512245663517363
0.2422405066061834
0.24460321979843247
0.2605095559592326
0.2502452737189547
0.2558926413121285
0.25369258701390046
0.2695558538018073
0.2652296287939741
0.2531720425478067
0.24756813175683287
0.27315463223838654
0.2566881620612081
0.262106795671484
0.25046276134859136
0.2485561137477971
0.2587577646418207
0.26468002659748574
0.260870972791564
0.23865988160022772
0.25362159498628495
0.2588464920096539
0.2503059080883896
0.24975615991819705
0.22800375438967052
0.2491801639873156
0.2591667628973214
0.24412225626185255
0.24140590412773769
0.2486159556712836
0.24962395002163493
0.2649035644881489
0.25013031197325875
0.25959480768806825
0.24921434676171084
0.2687413990579569
0.24976751473088052
0.2591972354468222
0.2568219578048888
0.2375808316976075
0.2550897590943407
0.2576080987791967
0.2550231522822543
0.2577179908541779
0.26364823674658494
0.26736231702389934
0.26742525338957573
0.2636480456030938
0.2704847635749863
0.25662558043851486
0.2523010257829402
0.25604264737382904
0.24652224333137865
0.26139013440921355
0.26276755995097556
0.2618818415461081
0.24840604398877336
0.2525743468613841
0.27056330269942325
0.24131545245132466
0.22997941917643694
0.2506516222699683
0.25290033655576555
0.2591966841395328
0.24688627859023618
0.26585484600319365
0.24518987449178722
0.2422057304486446
0.2663094787710954
0.25537139865842273
0.24863610799229974
0.24161170150490088
0.2467258136368675
0.24489824606953126
0.24985969987577447
0.24101122211313758
0.25543494874678524
0.2596632536809208
0.2704647850697897
0.24302662663566307
0.2507447971130741
0.2447544596286547
0.24708545251266456
0.24221571812049705
0.25153398992600795
0.2690441117246367
0.24995349103182307
0.261257096713647
0.24719246973024306
0.25435333754439
0.2522462539436004
0.2672197132408783
0.2536671062891935
0.25955394626008477
0.240661469759632
0.2313944482653355
0.2457831529751943
0.24350455389793907
0.24832269707730414
0.27426574849764157
0.2606068476495471
0.25270170837582356
0.2533080439766127
0.2633286930788613
0.25679887453310535
0.2545819885509366
0.2569938588654042
0.25465465821317096
0.25348263230304613
0.24342957735405435
0.25912647074212963
0.23599164025526037
0.2546574715734268
0.27149281347017934
0.254585620439778
0.25651533506158897
0.25036770470220243
0.23509247336172998
0.25322963025789363
0.24934566363562877
0.26319171933293894
0.25126552322607254
0.25446793539560164
0.24232285751323537
0.2598838026333348
0.23825611619777765
0.25366926704634296
0.2531121127494207
0.2517774104715522
0.25698779197417526
0.24081565528252585
0.2416167602515251
0.26080097884512465
0.24847096262317142
0.2569970216373675
0.25493614294160816
0.24577307620612818
0.2698770864403774
0.25808377437668795
0.27162614031746435
0.2562226502104432
0.25503493003114497
0.25969897702343125
0.2652024998910897
0.2536663377379839
0.2681637287233228
0.25732579458798854
0.27260352842692065
0.26194291973838174
0.24093306038687679
0.2464834931040129
0.24641546734486297
0.24606087015689126
0.24735999648537976
0.25413237398677974
0.24585536053212173
0.2510471861313146
0.24628906820806218
0.260105370139351
0.2526172339868169
0.24202577701436348
0.2580795533401766
0.25345802534019407
0.25170017625542107
0.2614045644211099
0.24995214813358033
0.25421968649341325
0.2614808244765945
0.24841978112306912
0.24891077708764506
0.25150601328428646
0.2597234521662914
0.2582154058764323
0.2508372995568771
0.25294190960712304
0.25484303093718297
0.2578720687779816
0.26137198835800884
0.27152064875602616
0.2550282239381876
0.25294645971924756
0.2582191444669975
0.26007893622715433
0.25054707253668923
0.25599360858234715
0.2455743953697616
0.24517532370810236
0.2527489316865678
0.272013283847445
0.2599775674005772
0.24756041005313045
0.2560118134435597
0.26305822450827093
0.26005528228418195
0.244920287567497
0.26369487188832563
0.2564718365983971
0.25247505998944597
0.2607385860810336
0.261169385507134
0.2552264555316444
0.24819037316267906
0.24947591137175404
0.24692053847878181
0.2411799002831829
0.2671341767262328
0.26394160063874317
0.26056428238760443
0.26411862423112864
0.2566497274304443
0.2409449329819706
0.2560265167474382
0.254784272895106
0.2522956393778258
0.25350821496832177
0.251438352457063
0.2381469593538328
0.24499626548007913
0.24276599604190452
0.23868248253998317
0.23786438607701862
0.25672604814806865
0.2511083987791646
0.2541360797268174
0.23817472984294885
0.257547664131322
0.2478329805492297
0.2476545215414436
0.23363107425411908
0.24464355070654428
0.25302190405376923
0.26806330892240565
0.26706650526116155
0.2543467654034148
0.25381095007657867
0.2503991553470573
0.25452243775998185
0.2592948065185791
0.2616971589490337
0.25578792925175015
0.2473452163539101
0.2670527441426629
0.2610977015548112
0.2578621737863722
0.25241663159430244
0.2580968238653708
0.24802541466355488
0.2580353053034746
0.2586841574232226
0.2468482070136213
0.2492121761684193
0.24951360819332458
0.2639735863352339
0.2666595113489704
0.24950548355494134
0.25336398131419485
0.2482284844999362
0.24588523149192187
0.23851826324893574
0.2595618402607492
0.2602798899873212
0.25314108619052655
0.24753017031001087
0.24731322588823904
0.2597396350239985
0.26297197637155584
0.2681167292177286
0.2603660655051388
0.25744249942446285
0.25885663288764316
0.2490096836091406
0.25366119146886007
0.24698013435900548
0.2682051360407354
0.2653996616563118
0.26990673682503935
0.26848035681225485
0.26053818658660294
0.24395684842290102
0.26018559640983097
0.2433589595732605
0.25893204516960133
0.2750669311033785
0.24840644450709787
0.2636824896969472
0.24802629222203487
0.2403608794051134
0.24562731694465187
0.2654594092953892
0.26153882988978305
0.25848880684761116
0.24365360587186
0.24148264605009662
0.24923487594588814
0.2592917320910564
0.2597707016954681
0.2455976412887646
0.2470342666915644
0.25390373317935533
0.2639302246113596
0.2527817842716946
0.25661861866832486
0.26535877682090536
0.24101112636281677
0.2638522132952329
0.2668770587671781
0.2591957874614447
0.2700196867054952
0.26694404419213535
0.24216720632471805
0.2596934200278531
0.2611833913336798
0.25427470913267614
0.24597346339440437
0.2671662973748518
0.2560067261920184
0.24771773109724882
0.24863106344342886
0.27748961334251565
0.24940245030340574
0.25021233431591033
0.2558101862589346
0.24028989304439702
0.258274771606205
0.25468817999661997
0.26988245259112253
0.25802812108047435
0.24580105133104316
0.2391285642537849
0.24451830879008613
0.24599583964348468
0.26266410211137453
0.2587093315300644
0.2493121433749805
0.24278709097033407
0.2665908402063797
0.26193861967648946
0.25904357311569587
0.24026994035919205
0.2537391912774047
0.2673604890224066
0.26043664683306994
0.2530306608249039
0.27210708700758035
0.24845346240560415
0.26404686366000185
0.26372017278346577
0.2551887997609902
0.2598294198653726
0.2708835174841101
0.27129395082668417
0.25270789480878175
0.2484435726723541
0.26085973822996056
0.24998271001211206
0.2489369564993572
0.2505646485153757
0.2670176253331472
0.25445470440500473
0.25252559849208567
0.24237761500621624
0.24506222342999837
